0 0.668136 0.504213 0.026306 0.007570
0 0.670116 0.488224 0.025226 0.007016
0 0.878579 0.146505 0.009782 0.007264
0 0.669773 0.498326 0.026875 0.007113
0 0.868881 0.227115 0.006593 0.011511
0 0.025606 0.345080 0.044319 0.012236
0 0.169039 0.320085 0.007577 0.008629
0 0.228263 0.355340 0.026570 0.029558
0 0.670316 0.493333 0.025783 0.006852
0 0.705787 0.025334 0.047205 0.025611
0 0.249928 0.528567 0.007944 0.004103
0 0.669960 0.496555 0.026608 0.006335
0 0.988817 0.097816 0.022365 0.048051
0 0.830570 0.597585 0.044887 0.065716
0 0.968542 0.982518 0.015620 0.034536